,hour,GeneratorDispatch
301_CT_1,1,0.000000
301_CT_1,2,0.000000
301_CT_1,3,0.000000
301_CT_1,4,0.000000
301_CT_1,5,0.000000
301_CT_1,6,0.000000
301_CT_1,7,0.000000
301_CT_1,8,0.000000
301_CT_1,9,0.000000
301_CT_1,10,0.000000
301_CT_1,11,0.000000
301_CT_1,12,0.000000
301_CT_1,13,0.000000
301_CT_1,14,0.000000
301_CT_1,15,0.000000
301_CT_1,16,0.000000
301_CT_1,17,0.000000
301_CT_1,18,0.000000
301_CT_1,19,0.000000
301_CT_1,20,0.000000
301_CT_1,21,0.000000
301_CT_1,22,0.000000
301_CT_1,23,0.000000
301_CT_1,24,0.000000
301_CT_2,1,0.000000
301_CT_2,2,0.000000
301_CT_2,3,0.000000
301_CT_2,4,0.000000
301_CT_2,5,0.000000
301_CT_2,6,0.000000
301_CT_2,7,0.000000
301_CT_2,8,0.000000
301_CT_2,9,0.000000
301_CT_2,10,0.000000
301_CT_2,11,0.000000
301_CT_2,12,0.000000
301_CT_2,13,0.000000
301_CT_2,14,0.000000
301_CT_2,15,0.000000
301_CT_2,16,0.000000
301_CT_2,17,0.000000
301_CT_2,18,0.000000
301_CT_2,19,0.000000
301_CT_2,20,0.000000
301_CT_2,21,0.000000
301_CT_2,22,0.000000
301_CT_2,23,0.000000
301_CT_2,24,0.000000
301_CT_3,1,0.000000
301_CT_3,2,0.000000
301_CT_3,3,0.000000
301_CT_3,4,0.000000
301_CT_3,5,0.000000
301_CT_3,6,0.000000
301_CT_3,7,0.000000
301_CT_3,8,0.000000
301_CT_3,9,0.000000
301_CT_3,10,0.000000
301_CT_3,11,0.000000
301_CT_3,12,0.000000
301_CT_3,13,0.000000
301_CT_3,14,0.000000
301_CT_3,15,0.000000
301_CT_3,16,0.000000
301_CT_3,17,0.000000
301_CT_3,18,0.000000
301_CT_3,19,0.000000
301_CT_3,20,0.000000
301_CT_3,21,0.000000
301_CT_3,22,0.000000
301_CT_3,23,0.000000
301_CT_3,24,0.000000
301_CT_4,1,0.000000
301_CT_4,2,0.000000
301_CT_4,3,0.000000
301_CT_4,4,0.000000
301_CT_4,5,0.000000
301_CT_4,6,0.000000
301_CT_4,7,0.000000
301_CT_4,8,0.000000
301_CT_4,9,0.000000
301_CT_4,10,0.000000
301_CT_4,11,0.000000
301_CT_4,12,0.000000
301_CT_4,13,0.000000
301_CT_4,14,0.000000
301_CT_4,15,0.000000
301_CT_4,16,0.000000
301_CT_4,17,0.000000
301_CT_4,18,0.000000
301_CT_4,19,0.000000
301_CT_4,20,0.000000
301_CT_4,21,0.000000
301_CT_4,22,0.000000
301_CT_4,23,0.000000
301_CT_4,24,0.000000
302_CT_1,1,0.000000
302_CT_1,2,0.000000
302_CT_1,3,0.000000
302_CT_1,4,0.000000
302_CT_1,5,0.000000
302_CT_1,6,0.000000
302_CT_1,7,0.000000
302_CT_1,8,0.000000
302_CT_1,9,0.000000
302_CT_1,10,0.000000
302_CT_1,11,0.000000
302_CT_1,12,0.000000
302_CT_1,13,0.000000
302_CT_1,14,0.000000
302_CT_1,15,0.000000
302_CT_1,16,0.000000
302_CT_1,17,0.000000
302_CT_1,18,0.000000
302_CT_1,19,0.000000
302_CT_1,20,0.000000
302_CT_1,21,0.000000
302_CT_1,22,0.000000
302_CT_1,23,0.000000
302_CT_1,24,0.000000
302_CT_2,1,0.000000
302_CT_2,2,0.000000
302_CT_2,3,0.000000
302_CT_2,4,0.000000
302_CT_2,5,0.000000
302_CT_2,6,0.000000
302_CT_2,7,0.000000
302_CT_2,8,0.000000
302_CT_2,9,0.000000
302_CT_2,10,0.000000
302_CT_2,11,0.000000
302_CT_2,12,0.000000
302_CT_2,13,0.000000
302_CT_2,14,0.000000
302_CT_2,15,0.000000
302_CT_2,16,0.000000
302_CT_2,17,0.000000
302_CT_2,18,0.000000
302_CT_2,19,0.000000
302_CT_2,20,0.000000
302_CT_2,21,0.000000
302_CT_2,22,0.000000
302_CT_2,23,0.000000
302_CT_2,24,0.000000
302_CT_3,1,0.000000
302_CT_3,2,0.000000
302_CT_3,3,0.000000
302_CT_3,4,0.000000
302_CT_3,5,0.000000
302_CT_3,6,0.000000
302_CT_3,7,0.000000
302_CT_3,8,0.000000
302_CT_3,9,0.000000
302_CT_3,10,0.000000
302_CT_3,11,0.000000
302_CT_3,12,0.000000
302_CT_3,13,0.000000
302_CT_3,14,0.000000
302_CT_3,15,0.000000
302_CT_3,16,0.000000
302_CT_3,17,0.000000
302_CT_3,18,0.000000
302_CT_3,19,0.000000
302_CT_3,20,0.000000
302_CT_3,21,0.000000
302_CT_3,22,0.000000
302_CT_3,23,0.000000
302_CT_3,24,0.000000
302_CT_4,1,0.000000
302_CT_4,2,0.000000
302_CT_4,3,0.000000
302_CT_4,4,0.000000
302_CT_4,5,0.000000
302_CT_4,6,0.000000
302_CT_4,7,0.000000
302_CT_4,8,0.000000
302_CT_4,9,0.000000
302_CT_4,10,0.000000
302_CT_4,11,0.000000
302_CT_4,12,0.000000
302_CT_4,13,0.000000
302_CT_4,14,0.000000
302_CT_4,15,0.000000
302_CT_4,16,0.000000
302_CT_4,17,0.000000
302_CT_4,18,0.000000
302_CT_4,19,0.000000
302_CT_4,20,0.000000
302_CT_4,21,0.000000
302_CT_4,22,0.000000
302_CT_4,23,0.000000
302_CT_4,24,0.000000
307_CT_1,1,0.000000
307_CT_1,2,0.000000
307_CT_1,3,0.000000
307_CT_1,4,0.000000
307_CT_1,5,0.000000
307_CT_1,6,0.000000
307_CT_1,7,0.000000
307_CT_1,8,0.000000
307_CT_1,9,0.000000
307_CT_1,10,0.000000
307_CT_1,11,0.000000
307_CT_1,12,11.000000
307_CT_1,13,27.491019
307_CT_1,14,44.000000
307_CT_1,15,44.000000
307_CT_1,16,0.000000
307_CT_1,17,0.000000
307_CT_1,18,0.000000
307_CT_1,19,0.000000
307_CT_1,20,0.000000
307_CT_1,21,0.000000
307_CT_1,22,0.000000
307_CT_1,23,0.000000
307_CT_1,24,0.000000
307_CT_2,1,0.000000
307_CT_2,2,0.000000
307_CT_2,3,0.000000
307_CT_2,4,0.000000
307_CT_2,5,0.000000
307_CT_2,6,0.000000
307_CT_2,7,0.000000
307_CT_2,8,0.000000
307_CT_2,9,0.000000
307_CT_2,10,0.000000
307_CT_2,11,0.000000
307_CT_2,12,9.616810
307_CT_2,13,33.000000
307_CT_2,14,44.000000
307_CT_2,15,44.000000
307_CT_2,16,0.000000
307_CT_2,17,0.000000
307_CT_2,18,0.000000
307_CT_2,19,0.000000
307_CT_2,20,0.000000
307_CT_2,21,0.000000
307_CT_2,22,0.000000
307_CT_2,23,0.000000
307_CT_2,24,0.000000
313_CC_1,1,0.000000
313_CC_1,2,0.000000
313_CC_1,3,0.000000
313_CC_1,4,0.000000
313_CC_1,5,0.000000
313_CC_1,6,0.000000
313_CC_1,7,0.000000
313_CC_1,8,0.000000
313_CC_1,9,0.000000
313_CC_1,10,73.082327
313_CC_1,11,184.769452
313_CC_1,12,231.666667
313_CC_1,13,231.666667
313_CC_1,14,242.068527
313_CC_1,15,260.978454
313_CC_1,16,199.765750
313_CC_1,17,0.000000
313_CC_1,18,0.000000
313_CC_1,19,0.000000
313_CC_1,20,0.000000
313_CC_1,21,0.000000
313_CC_1,22,0.000000
313_CC_1,23,0.000000
313_CC_1,24,0.000000
315_STEAM_1,1,0.000000
315_STEAM_1,2,0.000000
315_STEAM_1,3,0.000000
315_STEAM_1,4,0.000000
315_STEAM_1,5,0.000000
315_STEAM_1,6,0.000000
315_STEAM_1,7,0.000000
315_STEAM_1,8,0.000000
315_STEAM_1,9,0.000000
315_STEAM_1,10,0.000000
315_STEAM_1,11,0.000000
315_STEAM_1,12,0.000000
315_STEAM_1,13,0.000000
315_STEAM_1,14,0.000000
315_STEAM_1,15,0.000000
315_STEAM_1,16,0.000000
315_STEAM_1,17,0.000000
315_STEAM_1,18,0.000000
315_STEAM_1,19,0.000000
315_STEAM_1,20,0.000000
315_STEAM_1,21,0.000000
315_STEAM_1,22,0.000000
315_STEAM_1,23,0.000000
315_STEAM_1,24,0.000000
315_STEAM_2,1,0.000000
315_STEAM_2,2,0.000000
315_STEAM_2,3,0.000000
315_STEAM_2,4,0.000000
315_STEAM_2,5,0.000000
315_STEAM_2,6,0.000000
315_STEAM_2,7,0.000000
315_STEAM_2,8,0.000000
315_STEAM_2,9,0.000000
315_STEAM_2,10,0.000000
315_STEAM_2,11,0.000000
315_STEAM_2,12,0.000000
315_STEAM_2,13,0.000000
315_STEAM_2,14,0.000000
315_STEAM_2,15,0.000000
315_STEAM_2,16,0.000000
315_STEAM_2,17,0.000000
315_STEAM_2,18,0.000000
315_STEAM_2,19,0.000000
315_STEAM_2,20,0.000000
315_STEAM_2,21,0.000000
315_STEAM_2,22,0.000000
315_STEAM_2,23,0.000000
315_STEAM_2,24,0.000000
315_STEAM_3,1,0.000000
315_STEAM_3,2,0.000000
315_STEAM_3,3,0.000000
315_STEAM_3,4,0.000000
315_STEAM_3,5,0.000000
315_STEAM_3,6,0.000000
315_STEAM_3,7,0.000000
315_STEAM_3,8,0.000000
315_STEAM_3,9,0.000000
315_STEAM_3,10,0.000000
315_STEAM_3,11,0.000000
315_STEAM_3,12,0.000000
315_STEAM_3,13,0.000000
315_STEAM_3,14,0.000000
315_STEAM_3,15,0.000000
315_STEAM_3,16,0.000000
315_STEAM_3,17,0.000000
315_STEAM_3,18,0.000000
315_STEAM_3,19,0.000000
315_STEAM_3,20,0.000000
315_STEAM_3,21,0.000000
315_STEAM_3,22,0.000000
315_STEAM_3,23,0.000000
315_STEAM_3,24,0.000000
315_STEAM_4,1,0.000000
315_STEAM_4,2,0.000000
315_STEAM_4,3,0.000000
315_STEAM_4,4,0.000000
315_STEAM_4,5,0.000000
315_STEAM_4,6,0.000000
315_STEAM_4,7,0.000000
315_STEAM_4,8,0.000000
315_STEAM_4,9,0.000000
315_STEAM_4,10,0.000000
315_STEAM_4,11,0.000000
315_STEAM_4,12,0.000000
315_STEAM_4,13,0.000000
315_STEAM_4,14,0.000000
315_STEAM_4,15,0.000000
315_STEAM_4,16,0.000000
315_STEAM_4,17,0.000000
315_STEAM_4,18,0.000000
315_STEAM_4,19,0.000000
315_STEAM_4,20,0.000000
315_STEAM_4,21,0.000000
315_STEAM_4,22,0.000000
315_STEAM_4,23,0.000000
315_STEAM_4,24,0.000000
315_STEAM_5,1,0.000000
315_STEAM_5,2,0.000000
315_STEAM_5,3,0.000000
315_STEAM_5,4,0.000000
315_STEAM_5,5,0.000000
315_STEAM_5,6,0.000000
315_STEAM_5,7,0.000000
315_STEAM_5,8,0.000000
315_STEAM_5,9,0.000000
315_STEAM_5,10,0.000000
315_STEAM_5,11,0.000000
315_STEAM_5,12,0.000000
315_STEAM_5,13,0.000000
315_STEAM_5,14,0.000000
315_STEAM_5,15,0.000000
315_STEAM_5,16,0.000000
315_STEAM_5,17,0.000000
315_STEAM_5,18,0.000000
315_STEAM_5,19,0.000000
315_STEAM_5,20,0.000000
315_STEAM_5,21,0.000000
315_STEAM_5,22,0.000000
315_STEAM_5,23,0.000000
315_STEAM_5,24,0.000000
315_CT_6,1,0.000000
315_CT_6,2,0.000000
315_CT_6,3,0.000000
315_CT_6,4,0.000000
315_CT_6,5,0.000000
315_CT_6,6,0.000000
315_CT_6,7,0.000000
315_CT_6,8,0.000000
315_CT_6,9,0.000000
315_CT_6,10,0.000000
315_CT_6,11,0.000000
315_CT_6,12,0.000000
315_CT_6,13,0.000000
315_CT_6,14,0.000000
315_CT_6,15,0.000000
315_CT_6,16,0.000000
315_CT_6,17,0.000000
315_CT_6,18,0.000000
315_CT_6,19,0.000000
315_CT_6,20,0.000000
315_CT_6,21,0.000000
315_CT_6,22,0.000000
315_CT_6,23,0.000000
315_CT_6,24,0.000000
315_CT_7,1,0.000000
315_CT_7,2,0.000000
315_CT_7,3,0.000000
315_CT_7,4,0.000000
315_CT_7,5,0.000000
315_CT_7,6,0.000000
315_CT_7,7,0.000000
315_CT_7,8,0.000000
315_CT_7,9,0.000000
315_CT_7,10,0.000000
315_CT_7,11,0.000000
315_CT_7,12,0.000000
315_CT_7,13,0.000000
315_CT_7,14,0.000000
315_CT_7,15,0.000000
315_CT_7,16,0.000000
315_CT_7,17,0.000000
315_CT_7,18,0.000000
315_CT_7,19,0.000000
315_CT_7,20,0.000000
315_CT_7,21,0.000000
315_CT_7,22,0.000000
315_CT_7,23,0.000000
315_CT_7,24,0.000000
315_CT_8,1,0.000000
315_CT_8,2,0.000000
315_CT_8,3,0.000000
315_CT_8,4,0.000000
315_CT_8,5,0.000000
315_CT_8,6,0.000000
315_CT_8,7,0.000000
315_CT_8,8,0.000000
315_CT_8,9,0.000000
315_CT_8,10,0.000000
315_CT_8,11,0.000000
315_CT_8,12,0.000000
315_CT_8,13,0.000000
315_CT_8,14,0.000000
315_CT_8,15,0.000000
315_CT_8,16,0.000000
315_CT_8,17,0.000000
315_CT_8,18,0.000000
315_CT_8,19,0.000000
315_CT_8,20,0.000000
315_CT_8,21,0.000000
315_CT_8,22,0.000000
315_CT_8,23,0.000000
315_CT_8,24,0.000000
316_STEAM_1,1,0.000000
316_STEAM_1,2,0.000000
316_STEAM_1,3,0.000000
316_STEAM_1,4,0.000000
316_STEAM_1,5,0.000000
316_STEAM_1,6,0.000000
316_STEAM_1,7,0.000000
316_STEAM_1,8,0.000000
316_STEAM_1,9,0.000000
316_STEAM_1,10,0.000000
316_STEAM_1,11,0.000000
316_STEAM_1,12,0.000000
316_STEAM_1,13,0.000000
316_STEAM_1,14,0.000000
316_STEAM_1,15,0.000000
316_STEAM_1,16,0.000000
316_STEAM_1,17,0.000000
316_STEAM_1,18,0.000000
316_STEAM_1,19,0.000000
316_STEAM_1,20,0.000000
316_STEAM_1,21,0.000000
316_STEAM_1,22,0.000000
316_STEAM_1,23,0.000000
316_STEAM_1,24,0.000000
318_CC_1,1,0.000000
318_CC_1,2,0.000000
318_CC_1,3,0.000000
318_CC_1,4,0.000000
318_CC_1,5,0.000000
318_CC_1,6,0.000000
318_CC_1,7,0.000000
318_CC_1,8,0.000000
318_CC_1,9,0.000000
318_CC_1,10,0.000000
318_CC_1,11,0.000000
318_CC_1,12,0.000000
318_CC_1,13,0.000000
318_CC_1,14,0.000000
318_CC_1,15,0.000000
318_CC_1,16,0.000000
318_CC_1,17,0.000000
318_CC_1,18,0.000000
318_CC_1,19,0.000000
318_CC_1,20,0.000000
318_CC_1,21,0.000000
318_CC_1,22,0.000000
318_CC_1,23,0.000000
318_CC_1,24,0.000000
321_CC_1,1,0.000000
321_CC_1,2,0.000000
321_CC_1,3,0.000000
321_CC_1,4,0.000000
321_CC_1,5,0.000000
321_CC_1,6,0.000000
321_CC_1,7,0.000000
321_CC_1,8,0.000000
321_CC_1,9,0.000000
321_CC_1,10,0.000000
321_CC_1,11,0.000000
321_CC_1,12,0.000000
321_CC_1,13,0.000000
321_CC_1,14,0.000000
321_CC_1,15,0.000000
321_CC_1,16,0.000000
321_CC_1,17,0.000000
321_CC_1,18,0.000000
321_CC_1,19,0.000000
321_CC_1,20,0.000000
321_CC_1,21,0.000000
321_CC_1,22,0.000000
321_CC_1,23,0.000000
321_CC_1,24,0.000000
322_CT_5,1,0.000000
322_CT_5,2,0.000000
322_CT_5,3,0.000000
322_CT_5,4,0.000000
322_CT_5,5,0.000000
322_CT_5,6,0.000000
322_CT_5,7,0.000000
322_CT_5,8,0.000000
322_CT_5,9,0.000000
322_CT_5,10,0.000000
322_CT_5,11,0.000000
322_CT_5,12,0.000000
322_CT_5,13,0.000000
322_CT_5,14,0.000000
322_CT_5,15,0.000000
322_CT_5,16,0.000000
322_CT_5,17,0.000000
322_CT_5,18,0.000000
322_CT_5,19,0.000000
322_CT_5,20,0.000000
322_CT_5,21,0.000000
322_CT_5,22,0.000000
322_CT_5,23,0.000000
322_CT_5,24,0.000000
322_CT_6,1,0.000000
322_CT_6,2,0.000000
322_CT_6,3,0.000000
322_CT_6,4,0.000000
322_CT_6,5,0.000000
322_CT_6,6,0.000000
322_CT_6,7,0.000000
322_CT_6,8,0.000000
322_CT_6,9,0.000000
322_CT_6,10,0.000000
322_CT_6,11,0.000000
322_CT_6,12,0.000000
322_CT_6,13,0.000000
322_CT_6,14,0.000000
322_CT_6,15,0.000000
322_CT_6,16,0.000000
322_CT_6,17,0.000000
322_CT_6,18,0.000000
322_CT_6,19,0.000000
322_CT_6,20,0.000000
322_CT_6,21,0.000000
322_CT_6,22,0.000000
322_CT_6,23,0.000000
322_CT_6,24,0.000000
323_CC_1,1,0.000000
323_CC_1,2,0.000000
323_CC_1,3,0.000000
323_CC_1,4,0.000000
323_CC_1,5,0.000000
323_CC_1,6,0.000000
323_CC_1,7,0.000000
323_CC_1,8,0.000000
323_CC_1,9,0.000000
323_CC_1,10,0.000000
323_CC_1,11,0.000000
323_CC_1,12,0.000000
323_CC_1,13,0.000000
323_CC_1,14,0.000000
323_CC_1,15,0.000000
323_CC_1,16,0.000000
323_CC_1,17,0.000000
323_CC_1,18,0.000000
323_CC_1,19,0.000000
323_CC_1,20,0.000000
323_CC_1,21,0.000000
323_CC_1,22,0.000000
323_CC_1,23,0.000000
323_CC_1,24,0.000000
323_CC_2,1,0.000000
323_CC_2,2,0.000000
323_CC_2,3,0.000000
323_CC_2,4,0.000000
323_CC_2,5,0.000000
323_CC_2,6,0.000000
323_CC_2,7,0.000000
323_CC_2,8,0.000000
323_CC_2,9,0.000000
323_CC_2,10,0.000000
323_CC_2,11,0.000000
323_CC_2,12,0.000000
323_CC_2,13,0.000000
323_CC_2,14,0.000000
323_CC_2,15,0.000000
323_CC_2,16,0.000000
323_CC_2,17,0.000000
323_CC_2,18,0.000000
323_CC_2,19,0.000000
323_CC_2,20,0.000000
323_CC_2,21,0.000000
323_CC_2,22,0.000000
323_CC_2,23,0.000000
323_CC_2,24,0.000000
322_HYDRO_1,1,14.245833
322_HYDRO_1,2,14.308333
322_HYDRO_1,3,17.270833
322_HYDRO_1,4,20.079167
322_HYDRO_1,5,21.591667
322_HYDRO_1,6,21.137500
322_HYDRO_1,7,0.000000
322_HYDRO_1,8,18.954167
322_HYDRO_1,9,14.200000
322_HYDRO_1,10,10.537500
322_HYDRO_1,11,11.466667
322_HYDRO_1,12,14.437500
322_HYDRO_1,13,13.612500
322_HYDRO_1,14,13.562500
322_HYDRO_1,15,11.983333
322_HYDRO_1,16,8.841667
322_HYDRO_1,17,7.387500
322_HYDRO_1,18,7.187500
322_HYDRO_1,19,7.220833
322_HYDRO_1,20,7.170833
322_HYDRO_1,21,0.000000
322_HYDRO_1,22,0.000000
322_HYDRO_1,23,0.000000
322_HYDRO_1,24,0.000000
322_HYDRO_2,1,0.000000
322_HYDRO_2,2,14.308333
322_HYDRO_2,3,17.270833
322_HYDRO_2,4,0.000000
322_HYDRO_2,5,21.591667
322_HYDRO_2,6,21.137500
322_HYDRO_2,7,20.766667
322_HYDRO_2,8,18.954167
322_HYDRO_2,9,14.200000
322_HYDRO_2,10,10.537500
322_HYDRO_2,11,11.466667
322_HYDRO_2,12,14.437500
322_HYDRO_2,13,13.612500
322_HYDRO_2,14,13.562500
322_HYDRO_2,15,11.983333
322_HYDRO_2,16,8.841667
322_HYDRO_2,17,7.387500
322_HYDRO_2,18,0.000000
322_HYDRO_2,19,7.220833
322_HYDRO_2,20,7.170833
322_HYDRO_2,21,0.000000
322_HYDRO_2,22,0.000000
322_HYDRO_2,23,0.000000
322_HYDRO_2,24,0.000000
322_HYDRO_3,1,0.000000
322_HYDRO_3,2,14.308333
322_HYDRO_3,3,17.270833
322_HYDRO_3,4,20.079167
322_HYDRO_3,5,21.591667
322_HYDRO_3,6,21.137500
322_HYDRO_3,7,0.000000
322_HYDRO_3,8,18.954167
322_HYDRO_3,9,0.000000
322_HYDRO_3,10,10.537500
322_HYDRO_3,11,11.466667
322_HYDRO_3,12,14.437500
322_HYDRO_3,13,13.612500
322_HYDRO_3,14,13.562500
322_HYDRO_3,15,11.983333
322_HYDRO_3,16,8.841667
322_HYDRO_3,17,7.387500
322_HYDRO_3,18,0.000000
322_HYDRO_3,19,7.220833
322_HYDRO_3,20,7.170833
322_HYDRO_3,21,0.000000
322_HYDRO_3,22,0.000000
322_HYDRO_3,23,0.000000
322_HYDRO_3,24,12.845833
322_HYDRO_4,1,0.000000
322_HYDRO_4,2,14.308333
322_HYDRO_4,3,17.270833
322_HYDRO_4,4,20.079167
322_HYDRO_4,5,21.591667
322_HYDRO_4,6,21.137500
322_HYDRO_4,7,20.766667
322_HYDRO_4,8,18.954167
322_HYDRO_4,9,0.000000
322_HYDRO_4,10,10.537500
322_HYDRO_4,11,11.466667
322_HYDRO_4,12,14.437500
322_HYDRO_4,13,13.612500
322_HYDRO_4,14,13.562500
322_HYDRO_4,15,11.983333
322_HYDRO_4,16,8.841667
322_HYDRO_4,17,7.387500
322_HYDRO_4,18,0.000000
322_HYDRO_4,19,7.220833
322_HYDRO_4,20,7.170833
322_HYDRO_4,21,0.000000
322_HYDRO_4,22,0.000000
322_HYDRO_4,23,0.000000
322_HYDRO_4,24,0.000000
320_PV_1,1,7.583333
320_PV_1,2,0.000000
320_PV_1,3,0.000000
320_PV_1,4,0.000000
320_PV_1,5,0.000000
320_PV_1,6,0.000000
320_PV_1,7,0.000000
320_PV_1,8,0.000000
320_PV_1,9,0.000000
320_PV_1,10,0.000000
320_PV_1,11,0.000000
320_PV_1,12,0.000000
320_PV_1,13,0.000000
320_PV_1,14,0.000000
320_PV_1,15,0.000000
320_PV_1,16,9.466667
320_PV_1,17,31.225000
320_PV_1,18,35.950000
320_PV_1,19,-0.000000
320_PV_1,20,0.000000
320_PV_1,21,38.983333
320_PV_1,22,-0.000000
320_PV_1,23,38.383333
320_PV_1,24,33.650000
314_PV_1,1,0.583333
314_PV_1,2,0.000000
314_PV_1,3,0.000000
314_PV_1,4,0.000000
314_PV_1,5,0.000000
314_PV_1,6,0.000000
314_PV_1,7,0.000000
314_PV_1,8,0.000000
314_PV_1,9,0.000000
314_PV_1,10,0.000000
314_PV_1,11,0.000000
314_PV_1,12,0.000000
314_PV_1,13,0.000000
314_PV_1,14,0.000000
314_PV_1,15,0.000000
314_PV_1,16,9.033333
314_PV_1,17,30.441667
314_PV_1,18,34.375000
314_PV_1,19,32.541667
314_PV_1,20,32.016667
314_PV_1,21,33.508333
314_PV_1,22,0.000000
314_PV_1,23,31.450000
314_PV_1,24,26.058333
314_PV_2,1,0.000000
314_PV_2,2,0.000000
314_PV_2,3,0.000000
314_PV_2,4,0.000000
314_PV_2,5,0.000000
314_PV_2,6,0.000000
314_PV_2,7,0.000000
314_PV_2,8,0.000000
314_PV_2,9,0.000000
314_PV_2,10,0.000000
314_PV_2,11,0.000000
314_PV_2,12,0.000000
314_PV_2,13,0.000000
314_PV_2,14,0.000000
314_PV_2,15,0.000000
314_PV_2,16,9.608333
314_PV_2,17,30.108333
314_PV_2,18,32.958333
314_PV_2,19,29.366667
314_PV_2,20,29.500000
314_PV_2,21,33.833333
314_PV_2,22,0.000000
314_PV_2,23,0.000000
314_PV_2,24,32.675000
313_PV_1,1,9.808333
313_PV_1,2,0.000000
313_PV_1,3,0.000000
313_PV_1,4,0.000000
313_PV_1,5,0.000000
313_PV_1,6,0.000000
313_PV_1,7,0.000000
313_PV_1,8,0.000000
313_PV_1,9,0.000000
313_PV_1,10,0.000000
313_PV_1,11,0.000000
313_PV_1,12,0.000000
313_PV_1,13,0.000000
313_PV_1,14,0.000000
313_PV_1,15,0.000000
313_PV_1,16,11.891667
313_PV_1,17,46.716667
313_PV_1,18,0.000000
313_PV_1,19,66.341667
313_PV_1,20,0.000000
313_PV_1,21,70.316667
313_PV_1,22,68.483333
313_PV_1,23,66.383333
313_PV_1,24,51.408333
314_PV_3,1,0.000000
314_PV_3,2,0.000000
314_PV_3,3,0.000000
314_PV_3,4,0.000000
314_PV_3,5,0.000000
314_PV_3,6,0.000000
314_PV_3,7,0.000000
314_PV_3,8,0.000000
314_PV_3,9,0.000000
314_PV_3,10,0.000000
314_PV_3,11,0.000000
314_PV_3,12,0.000000
314_PV_3,13,0.000000
314_PV_3,14,0.000000
314_PV_3,15,0.000000
314_PV_3,16,12.625000
314_PV_3,17,0.000000
314_PV_3,18,64.250000
314_PV_3,19,69.983333
314_PV_3,20,69.941667
314_PV_3,21,69.700000
314_PV_3,22,66.950000
314_PV_3,23,62.708333
314_PV_3,24,48.633333
314_PV_4,1,6.791667
314_PV_4,2,0.000000
314_PV_4,3,0.000000
314_PV_4,4,0.000000
314_PV_4,5,0.000000
314_PV_4,6,0.000000
314_PV_4,7,0.000000
314_PV_4,8,0.000000
314_PV_4,9,0.000000
314_PV_4,10,0.000000
314_PV_4,11,0.000000
314_PV_4,12,0.000000
314_PV_4,13,0.000000
314_PV_4,14,0.000000
314_PV_4,15,0.000000
314_PV_4,16,9.400000
314_PV_4,17,31.491667
314_PV_4,18,0.000000
314_PV_4,19,34.883333
314_PV_4,20,36.016667
314_PV_4,21,36.616667
314_PV_4,22,36.733333
314_PV_4,23,38.091667
314_PV_4,24,32.950000
313_PV_2,1,4.408333
313_PV_2,2,0.000000
313_PV_2,3,0.000000
313_PV_2,4,0.000000
313_PV_2,5,0.000000
313_PV_2,6,0.000000
313_PV_2,7,0.000000
313_PV_2,8,0.000000
313_PV_2,9,0.000000
313_PV_2,10,0.000000
313_PV_2,11,0.000000
313_PV_2,12,0.000000
313_PV_2,13,0.000000
313_PV_2,14,0.000000
313_PV_2,15,0.000000
313_PV_2,16,11.883333
313_PV_2,17,45.350000
313_PV_2,18,0.000000
313_PV_2,19,67.666667
313_PV_2,20,0.000000
313_PV_2,21,69.475000
313_PV_2,22,67.716667
313_PV_2,23,62.383333
313_PV_2,24,47.041667
310_PV_1,1,-0.000000
310_PV_1,2,0.000000
310_PV_1,3,0.000000
310_PV_1,4,0.000000
310_PV_1,5,0.000000
310_PV_1,6,0.000000
310_PV_1,7,0.000000
310_PV_1,8,0.000000
310_PV_1,9,0.000000
310_PV_1,10,0.000000
310_PV_1,11,0.000000
310_PV_1,12,0.000000
310_PV_1,13,0.000000
310_PV_1,14,0.000000
310_PV_1,15,0.000000
310_PV_1,16,8.625000
310_PV_1,17,29.800000
310_PV_1,18,18.289117
310_PV_1,19,-0.000000
310_PV_1,20,0.000000
310_PV_1,21,18.549233
310_PV_1,22,-0.000000
310_PV_1,23,28.709609
310_PV_1,24,30.658333
324_PV_1,1,-0.000000
324_PV_1,2,0.000000
324_PV_1,3,0.000000
324_PV_1,4,0.000000
324_PV_1,5,0.000000
324_PV_1,6,0.000000
324_PV_1,7,0.000000
324_PV_1,8,0.000000
324_PV_1,9,0.000000
324_PV_1,10,0.000000
324_PV_1,11,0.000000
324_PV_1,12,0.000000
324_PV_1,13,0.000000
324_PV_1,14,0.000000
324_PV_1,15,0.000000
324_PV_1,16,9.116667
324_PV_1,17,30.666667
324_PV_1,18,32.616667
324_PV_1,19,32.041667
324_PV_1,20,0.000000
324_PV_1,21,0.000000
324_PV_1,22,0.000000
324_PV_1,23,0.000000
324_PV_1,24,0.000000
312_PV_1,1,10.733333
312_PV_1,2,0.000000
312_PV_1,3,0.000000
312_PV_1,4,0.000000
312_PV_1,5,0.000000
312_PV_1,6,0.000000
312_PV_1,7,0.000000
312_PV_1,8,0.000000
312_PV_1,9,0.000000
312_PV_1,10,0.000000
312_PV_1,11,0.000000
312_PV_1,12,0.000000
312_PV_1,13,0.000000
312_PV_1,14,0.000000
312_PV_1,15,0.000000
312_PV_1,16,11.366667
312_PV_1,17,46.891667
312_PV_1,18,63.341667
312_PV_1,19,70.833333
312_PV_1,20,0.000000
312_PV_1,21,74.366667
312_PV_1,22,-0.000000
312_PV_1,23,69.125000
312_PV_1,24,53.541667
310_PV_2,1,0.000000
310_PV_2,2,0.000000
310_PV_2,3,0.000000
310_PV_2,4,0.000000
310_PV_2,5,0.000000
310_PV_2,6,0.000000
310_PV_2,7,0.000000
310_PV_2,8,0.000000
310_PV_2,9,0.000000
310_PV_2,10,0.000000
310_PV_2,11,0.000000
310_PV_2,12,0.000000
310_PV_2,13,0.000000
310_PV_2,14,0.000000
310_PV_2,15,0.000000
310_PV_2,16,9.558333
310_PV_2,17,30.016667
310_PV_2,18,36.566667
310_PV_2,19,0.000000
310_PV_2,20,39.100000
310_PV_2,21,38.725000
310_PV_2,22,39.425000
310_PV_2,23,0.000000
310_PV_2,24,30.283333
324_PV_2,1,5.425000
324_PV_2,2,0.000000
324_PV_2,3,0.000000
324_PV_2,4,0.000000
324_PV_2,5,0.000000
324_PV_2,6,0.000000
324_PV_2,7,0.000000
324_PV_2,8,0.000000
324_PV_2,9,0.000000
324_PV_2,10,0.000000
324_PV_2,11,0.000000
324_PV_2,12,0.000000
324_PV_2,13,0.000000
324_PV_2,14,0.000000
324_PV_2,15,0.000000
324_PV_2,16,7.891667
324_PV_2,17,31.025000
324_PV_2,18,34.308333
324_PV_2,19,0.000000
324_PV_2,20,32.816667
324_PV_2,21,0.000000
324_PV_2,22,32.700000
324_PV_2,23,34.058333
324_PV_2,24,0.000000
324_PV_3,1,10.483333
324_PV_3,2,0.000000
324_PV_3,3,0.000000
324_PV_3,4,0.000000
324_PV_3,5,0.000000
324_PV_3,6,0.000000
324_PV_3,7,0.000000
324_PV_3,8,0.000000
324_PV_3,9,0.000000
324_PV_3,10,0.000000
324_PV_3,11,0.000000
324_PV_3,12,0.000000
324_PV_3,13,0.000000
324_PV_3,14,0.000000
324_PV_3,15,0.000000
324_PV_3,16,8.250000
324_PV_3,17,30.358333
324_PV_3,18,35.125000
324_PV_3,19,0.000000
324_PV_3,20,33.350000
324_PV_3,21,0.000000
324_PV_3,22,32.350000
324_PV_3,23,32.983333
324_PV_3,24,0.000000
319_PV_1,1,52.150000
319_PV_1,2,0.000000
319_PV_1,3,0.000000
319_PV_1,4,0.000000
319_PV_1,5,0.000000
319_PV_1,6,0.000000
319_PV_1,7,0.000000
319_PV_1,8,0.000000
319_PV_1,9,0.000000
319_PV_1,10,0.000000
319_PV_1,11,0.000000
319_PV_1,12,0.000000
319_PV_1,13,0.000000
319_PV_1,14,0.000000
319_PV_1,15,0.000000
319_PV_1,16,35.991667
319_PV_1,17,118.441667
319_PV_1,18,131.108333
319_PV_1,19,0.000000
319_PV_1,20,0.000000
319_PV_1,21,143.858333
319_PV_1,22,0.000000
319_PV_1,23,129.425000
319_PV_1,24,109.925000
308_RTPV_1,1,5.858333
308_RTPV_1,2,0.000000
308_RTPV_1,3,0.000000
308_RTPV_1,4,0.000000
308_RTPV_1,5,0.000000
308_RTPV_1,6,0.000000
308_RTPV_1,7,0.000000
308_RTPV_1,8,0.000000
308_RTPV_1,9,0.000000
308_RTPV_1,10,0.000000
308_RTPV_1,11,0.000000
308_RTPV_1,12,0.000000
308_RTPV_1,13,0.000000
308_RTPV_1,14,0.000000
308_RTPV_1,15,0.000000
308_RTPV_1,16,2.483333
308_RTPV_1,17,32.583333
308_RTPV_1,18,54.033333
308_RTPV_1,19,0.000000
308_RTPV_1,20,75.250000
308_RTPV_1,21,78.891667
308_RTPV_1,22,0.000000
308_RTPV_1,23,57.008333
308_RTPV_1,24,35.291667
313_RTPV_1,1,5.816667
313_RTPV_1,2,0.000000
313_RTPV_1,3,0.000000
313_RTPV_1,4,0.000000
313_RTPV_1,5,0.000000
313_RTPV_1,6,0.000000
313_RTPV_1,7,0.000000
313_RTPV_1,8,0.000000
313_RTPV_1,9,0.000000
313_RTPV_1,10,0.000000
313_RTPV_1,11,0.000000
313_RTPV_1,12,0.000000
313_RTPV_1,13,0.000000
313_RTPV_1,14,0.000000
313_RTPV_1,15,0.000000
313_RTPV_1,16,2.150000
313_RTPV_1,17,31.833333
313_RTPV_1,18,0.000000
313_RTPV_1,19,0.000000
313_RTPV_1,20,0.000000
313_RTPV_1,21,78.608333
313_RTPV_1,22,0.000000
313_RTPV_1,23,61.825000
313_RTPV_1,24,37.891667
313_RTPV_2,1,0.000000
313_RTPV_2,2,0.000000
313_RTPV_2,3,0.000000
313_RTPV_2,4,0.000000
313_RTPV_2,5,0.000000
313_RTPV_2,6,0.000000
313_RTPV_2,7,0.000000
313_RTPV_2,8,0.000000
313_RTPV_2,9,0.000000
313_RTPV_2,10,0.000000
313_RTPV_2,11,0.000000
313_RTPV_2,12,0.000000
313_RTPV_2,13,0.000000
313_RTPV_2,14,0.000000
313_RTPV_2,15,0.000000
313_RTPV_2,16,1.025000
313_RTPV_2,17,19.908333
313_RTPV_2,18,34.008333
313_RTPV_2,19,0.000000
313_RTPV_2,20,0.000000
313_RTPV_2,21,44.608333
313_RTPV_2,22,39.816667
313_RTPV_2,23,32.166667
313_RTPV_2,24,0.000000
313_RTPV_3,1,0.000000
313_RTPV_3,2,0.000000
313_RTPV_3,3,0.000000
313_RTPV_3,4,0.000000
313_RTPV_3,5,0.000000
313_RTPV_3,6,0.000000
313_RTPV_3,7,0.000000
313_RTPV_3,8,0.000000
313_RTPV_3,9,0.000000
313_RTPV_3,10,0.000000
313_RTPV_3,11,0.000000
313_RTPV_3,12,0.000000
313_RTPV_3,13,0.000000
313_RTPV_3,14,0.000000
313_RTPV_3,15,0.000000
313_RTPV_3,16,1.266667
313_RTPV_3,17,19.408333
313_RTPV_3,18,34.116667
313_RTPV_3,19,0.000000
313_RTPV_3,20,0.000000
313_RTPV_3,21,45.300000
313_RTPV_3,22,0.000000
313_RTPV_3,23,32.308333
313_RTPV_3,24,19.108333
313_RTPV_4,1,4.900000
313_RTPV_4,2,0.000000
313_RTPV_4,3,0.000000
313_RTPV_4,4,0.000000
313_RTPV_4,5,0.000000
313_RTPV_4,6,0.000000
313_RTPV_4,7,0.000000
313_RTPV_4,8,0.000000
313_RTPV_4,9,0.000000
313_RTPV_4,10,0.000000
313_RTPV_4,11,0.000000
313_RTPV_4,12,0.000000
313_RTPV_4,13,0.000000
313_RTPV_4,14,0.000000
313_RTPV_4,15,0.000000
313_RTPV_4,16,1.516667
313_RTPV_4,17,19.266667
313_RTPV_4,18,31.025000
313_RTPV_4,19,38.125000
313_RTPV_4,20,0.000000
313_RTPV_4,21,43.200000
313_RTPV_4,22,40.016667
313_RTPV_4,23,32.716667
313_RTPV_4,24,20.816667
313_RTPV_5,1,0.000000
313_RTPV_5,2,0.000000
313_RTPV_5,3,0.000000
313_RTPV_5,4,0.000000
313_RTPV_5,5,0.000000
313_RTPV_5,6,0.000000
313_RTPV_5,7,0.000000
313_RTPV_5,8,0.000000
313_RTPV_5,9,0.000000
313_RTPV_5,10,0.000000
313_RTPV_5,11,0.000000
313_RTPV_5,12,0.000000
313_RTPV_5,13,0.000000
313_RTPV_5,14,0.000000
313_RTPV_5,15,0.000000
313_RTPV_5,16,4.575000
313_RTPV_5,17,21.250000
313_RTPV_5,18,35.441667
313_RTPV_5,19,0.000000
313_RTPV_5,20,0.000000
313_RTPV_5,21,49.358333
313_RTPV_5,22,0.000000
313_RTPV_5,23,36.166667
313_RTPV_5,24,22.366667
313_RTPV_6,1,0.000000
313_RTPV_6,2,0.000000
313_RTPV_6,3,0.000000
313_RTPV_6,4,0.000000
313_RTPV_6,5,0.000000
313_RTPV_6,6,0.000000
313_RTPV_6,7,0.000000
313_RTPV_6,8,0.000000
313_RTPV_6,9,0.000000
313_RTPV_6,10,0.000000
313_RTPV_6,11,0.000000
313_RTPV_6,12,0.000000
313_RTPV_6,13,0.000000
313_RTPV_6,14,0.000000
313_RTPV_6,15,0.000000
313_RTPV_6,16,1.758333
313_RTPV_6,17,19.858333
313_RTPV_6,18,33.233333
313_RTPV_6,19,0.000000
313_RTPV_6,20,0.000000
313_RTPV_6,21,43.275000
313_RTPV_6,22,42.258333
313_RTPV_6,23,34.783333
313_RTPV_6,24,21.833333
313_RTPV_7,1,3.666667
313_RTPV_7,2,0.000000
313_RTPV_7,3,0.000000
313_RTPV_7,4,0.000000
313_RTPV_7,5,0.000000
313_RTPV_7,6,0.000000
313_RTPV_7,7,0.000000
313_RTPV_7,8,0.000000
313_RTPV_7,9,0.000000
313_RTPV_7,10,0.000000
313_RTPV_7,11,0.000000
313_RTPV_7,12,0.000000
313_RTPV_7,13,0.000000
313_RTPV_7,14,0.000000
313_RTPV_7,15,0.000000
313_RTPV_7,16,1.916667
313_RTPV_7,17,21.316667
313_RTPV_7,18,35.650000
313_RTPV_7,19,45.358333
313_RTPV_7,20,0.000000
313_RTPV_7,21,47.841667
313_RTPV_7,22,41.241667
313_RTPV_7,23,33.300000
313_RTPV_7,24,19.733333
313_RTPV_8,1,2.941667
313_RTPV_8,2,0.000000
313_RTPV_8,3,0.000000
313_RTPV_8,4,0.000000
313_RTPV_8,5,0.000000
313_RTPV_8,6,0.000000
313_RTPV_8,7,0.000000
313_RTPV_8,8,0.000000
313_RTPV_8,9,0.000000
313_RTPV_8,10,0.000000
313_RTPV_8,11,0.000000
313_RTPV_8,12,0.000000
313_RTPV_8,13,0.000000
313_RTPV_8,14,0.000000
313_RTPV_8,15,0.000000
313_RTPV_8,16,1.466667
313_RTPV_8,17,20.300000
313_RTPV_8,18,34.683333
313_RTPV_8,19,43.950000
313_RTPV_8,20,0.000000
313_RTPV_8,21,0.000000
313_RTPV_8,22,45.975000
313_RTPV_8,23,38.566667
313_RTPV_8,24,23.475000
313_RTPV_9,1,0.000000
313_RTPV_9,2,0.000000
313_RTPV_9,3,0.000000
313_RTPV_9,4,0.000000
313_RTPV_9,5,0.000000
313_RTPV_9,6,0.000000
313_RTPV_9,7,0.000000
313_RTPV_9,8,0.000000
313_RTPV_9,9,0.000000
313_RTPV_9,10,0.000000
313_RTPV_9,11,0.000000
313_RTPV_9,12,0.000000
313_RTPV_9,13,0.000000
313_RTPV_9,14,0.000000
313_RTPV_9,15,0.000000
313_RTPV_9,16,1.758333
313_RTPV_9,17,21.475000
313_RTPV_9,18,35.616667
313_RTPV_9,19,0.000000
313_RTPV_9,20,0.000000
313_RTPV_9,21,48.066667
313_RTPV_9,22,44.341667
313_RTPV_9,23,37.841667
313_RTPV_9,24,24.016667
313_RTPV_10,1,4.091667
313_RTPV_10,2,0.000000
313_RTPV_10,3,0.000000
313_RTPV_10,4,0.000000
313_RTPV_10,5,0.000000
313_RTPV_10,6,0.000000
313_RTPV_10,7,0.000000
313_RTPV_10,8,0.000000
313_RTPV_10,9,0.000000
313_RTPV_10,10,0.000000
313_RTPV_10,11,0.000000
313_RTPV_10,12,0.000000
313_RTPV_10,13,0.000000
313_RTPV_10,14,0.000000
313_RTPV_10,15,0.000000
313_RTPV_10,16,1.808333
313_RTPV_10,17,21.400000
313_RTPV_10,18,0.000000
313_RTPV_10,19,0.000000
313_RTPV_10,20,0.000000
313_RTPV_10,21,49.508333
313_RTPV_10,22,46.625000
313_RTPV_10,23,37.650000
313_RTPV_10,24,23.491667
313_RTPV_11,1,2.258333
313_RTPV_11,2,0.000000
313_RTPV_11,3,0.000000
313_RTPV_11,4,0.000000
313_RTPV_11,5,0.000000
313_RTPV_11,6,0.000000
313_RTPV_11,7,0.000000
313_RTPV_11,8,0.000000
313_RTPV_11,9,0.000000
313_RTPV_11,10,0.000000
313_RTPV_11,11,0.000000
313_RTPV_11,12,0.000000
313_RTPV_11,13,0.000000
313_RTPV_11,14,0.000000
313_RTPV_11,15,0.000000
313_RTPV_11,16,2.008333
313_RTPV_11,17,21.875000
313_RTPV_11,18,0.000000
313_RTPV_11,19,0.000000
313_RTPV_11,20,0.000000
313_RTPV_11,21,43.883333
313_RTPV_11,22,0.000000
313_RTPV_11,23,32.441667
313_RTPV_11,24,20.716667
313_RTPV_12,1,0.191667
313_RTPV_12,2,0.000000
313_RTPV_12,3,0.000000
313_RTPV_12,4,0.000000
313_RTPV_12,5,0.000000
313_RTPV_12,6,0.000000
313_RTPV_12,7,0.000000
313_RTPV_12,8,0.000000
313_RTPV_12,9,0.000000
313_RTPV_12,10,0.000000
313_RTPV_12,11,0.000000
313_RTPV_12,12,0.000000
313_RTPV_12,13,0.000000
313_RTPV_12,14,0.000000
313_RTPV_12,15,0.000000
313_RTPV_12,16,0.841667
313_RTPV_12,17,9.500000
313_RTPV_12,18,0.000000
313_RTPV_12,19,0.000000
313_RTPV_12,20,20.875000
313_RTPV_12,21,19.983333
313_RTPV_12,22,0.000000
313_RTPV_12,23,0.000000
313_RTPV_12,24,9.858333
320_RTPV_1,1,0.008333
320_RTPV_1,2,0.000000
320_RTPV_1,3,0.000000
320_RTPV_1,4,0.000000
320_RTPV_1,5,0.000000
320_RTPV_1,6,0.000000
320_RTPV_1,7,0.000000
320_RTPV_1,8,0.000000
320_RTPV_1,9,0.000000
320_RTPV_1,10,0.000000
320_RTPV_1,11,0.000000
320_RTPV_1,12,0.000000
320_RTPV_1,13,0.000000
320_RTPV_1,14,0.000000
320_RTPV_1,15,0.000000
320_RTPV_1,16,1.141667
320_RTPV_1,17,9.341667
320_RTPV_1,18,15.733333
320_RTPV_1,19,19.408333
320_RTPV_1,20,0.000000
320_RTPV_1,21,21.683333
320_RTPV_1,22,19.808333
320_RTPV_1,23,16.575000
320_RTPV_1,24,10.383333
320_RTPV_2,1,0.908333
320_RTPV_2,2,0.000000
320_RTPV_2,3,0.000000
320_RTPV_2,4,0.000000
320_RTPV_2,5,0.000000
320_RTPV_2,6,0.000000
320_RTPV_2,7,0.000000
320_RTPV_2,8,0.000000
320_RTPV_2,9,0.000000
320_RTPV_2,10,0.000000
320_RTPV_2,11,0.000000
320_RTPV_2,12,0.000000
320_RTPV_2,13,0.000000
320_RTPV_2,14,0.000000
320_RTPV_2,15,0.000000
320_RTPV_2,16,0.916667
320_RTPV_2,17,9.283333
320_RTPV_2,18,16.133333
320_RTPV_2,19,20.216667
320_RTPV_2,20,0.000000
320_RTPV_2,21,22.641667
320_RTPV_2,22,21.416667
320_RTPV_2,23,17.891667
320_RTPV_2,24,11.125000
320_RTPV_3,1,1.341667
320_RTPV_3,2,0.000000
320_RTPV_3,3,0.000000
320_RTPV_3,4,0.000000
320_RTPV_3,5,0.000000
320_RTPV_3,6,0.000000
320_RTPV_3,7,0.000000
320_RTPV_3,8,0.000000
320_RTPV_3,9,0.000000
320_RTPV_3,10,0.000000
320_RTPV_3,11,0.000000
320_RTPV_3,12,0.000000
320_RTPV_3,13,0.000000
320_RTPV_3,14,0.000000
320_RTPV_3,15,0.000000
320_RTPV_3,16,1.033333
320_RTPV_3,17,9.291667
320_RTPV_3,18,15.333333
320_RTPV_3,19,0.000000
320_RTPV_3,20,0.000000
320_RTPV_3,21,19.566667
320_RTPV_3,22,17.783333
320_RTPV_3,23,15.075000
320_RTPV_3,24,9.450000
313_RTPV_13,1,1.500000
313_RTPV_13,2,0.000000
313_RTPV_13,3,0.000000
313_RTPV_13,4,0.000000
313_RTPV_13,5,0.000000
313_RTPV_13,6,0.000000
313_RTPV_13,7,0.000000
313_RTPV_13,8,0.000000
313_RTPV_13,9,0.000000
313_RTPV_13,10,0.000000
313_RTPV_13,11,0.000000
313_RTPV_13,12,0.000000
313_RTPV_13,13,0.000000
313_RTPV_13,14,0.000000
313_RTPV_13,15,0.000000
313_RTPV_13,16,0.591667
313_RTPV_13,17,8.841667
313_RTPV_13,18,14.658333
313_RTPV_13,19,0.000000
313_RTPV_13,20,0.000000
313_RTPV_13,21,20.025000
313_RTPV_13,22,0.000000
313_RTPV_13,23,15.258333
313_RTPV_13,24,9.441667
320_RTPV_4,1,2.041667
320_RTPV_4,2,0.000000
320_RTPV_4,3,0.000000
320_RTPV_4,4,0.000000
320_RTPV_4,5,0.000000
320_RTPV_4,6,0.000000
320_RTPV_4,7,0.000000
320_RTPV_4,8,0.000000
320_RTPV_4,9,0.000000
320_RTPV_4,10,0.000000
320_RTPV_4,11,0.000000
320_RTPV_4,12,0.000000
320_RTPV_4,13,0.000000
320_RTPV_4,14,0.000000
320_RTPV_4,15,0.000000
320_RTPV_4,16,1.066667
320_RTPV_4,17,9.633333
320_RTPV_4,18,15.791667
320_RTPV_4,19,0.000000
320_RTPV_4,20,0.000000
320_RTPV_4,21,21.325000
320_RTPV_4,22,20.000000
320_RTPV_4,23,15.750000
320_RTPV_4,24,10.000000
320_RTPV_5,1,1.975000
320_RTPV_5,2,0.000000
320_RTPV_5,3,0.000000
320_RTPV_5,4,0.000000
320_RTPV_5,5,0.000000
320_RTPV_5,6,0.000000
320_RTPV_5,7,0.000000
320_RTPV_5,8,0.000000
320_RTPV_5,9,0.000000
320_RTPV_5,10,0.000000
320_RTPV_5,11,0.000000
320_RTPV_5,12,0.000000
320_RTPV_5,13,0.000000
320_RTPV_5,14,0.000000
320_RTPV_5,15,0.000000
320_RTPV_5,16,0.916667
320_RTPV_5,17,9.083333
320_RTPV_5,18,14.375000
320_RTPV_5,19,0.000000
320_RTPV_5,20,0.000000
320_RTPV_5,21,17.625000
320_RTPV_5,22,0.000000
320_RTPV_5,23,12.508333
320_RTPV_5,24,7.608333
320_RTPV_6,1,0.475000
320_RTPV_6,2,0.000000
320_RTPV_6,3,0.000000
320_RTPV_6,4,0.000000
320_RTPV_6,5,0.000000
320_RTPV_6,6,0.000000
320_RTPV_6,7,0.000000
320_RTPV_6,8,0.000000
320_RTPV_6,9,0.000000
320_RTPV_6,10,0.000000
320_RTPV_6,11,0.000000
320_RTPV_6,12,0.000000
320_RTPV_6,13,0.000000
320_RTPV_6,14,0.000000
320_RTPV_6,15,0.000000
320_RTPV_6,16,0.408333
320_RTPV_6,17,3.333333
320_RTPV_6,18,5.166667
320_RTPV_6,19,0.000000
320_RTPV_6,20,0.000000
320_RTPV_6,21,6.700000
320_RTPV_6,22,0.000000
320_RTPV_6,23,5.091667
320_RTPV_6,24,3.200000
309_WIND_1,1,103.183333
309_WIND_1,2,39.813467
309_WIND_1,3,140.850000
309_WIND_1,4,-0.000000
309_WIND_1,5,0.000000
309_WIND_1,6,0.000000
309_WIND_1,7,0.000000
309_WIND_1,8,36.281459
309_WIND_1,9,146.008333
309_WIND_1,10,145.491667
309_WIND_1,11,146.441667
309_WIND_1,12,145.675000
309_WIND_1,13,141.800000
309_WIND_1,14,144.191667
309_WIND_1,15,139.891667
309_WIND_1,16,137.416667
309_WIND_1,17,136.616667
309_WIND_1,18,135.491667
309_WIND_1,19,130.050000
309_WIND_1,20,144.208333
309_WIND_1,21,144.400000
309_WIND_1,22,0.000000
309_WIND_1,23,146.008333
309_WIND_1,24,145.933333
317_WIND_1,1,621.058333
317_WIND_1,2,624.525000
317_WIND_1,3,705.175000
317_WIND_1,4,618.378121
317_WIND_1,5,730.966667
317_WIND_1,6,726.091667
317_WIND_1,7,760.150000
317_WIND_1,8,780.108333
317_WIND_1,9,739.113663
317_WIND_1,10,778.125000
317_WIND_1,11,768.525000
317_WIND_1,12,780.183333
317_WIND_1,13,751.775000
317_WIND_1,14,736.716667
317_WIND_1,15,720.625000
317_WIND_1,16,753.475000
317_WIND_1,17,769.291667
317_WIND_1,18,0.000000
317_WIND_1,19,763.491667
317_WIND_1,20,776.283333
317_WIND_1,21,0.000000
317_WIND_1,22,184.652865
317_WIND_1,23,0.000000
317_WIND_1,24,198.774466
303_WIND_1,1,376.310641
303_WIND_1,2,405.444967
303_WIND_1,3,222.688250
303_WIND_1,4,385.739014
303_WIND_1,5,242.964041
303_WIND_1,6,242.893607
303_WIND_1,7,368.120527
303_WIND_1,8,383.536977
303_WIND_1,9,447.914257
303_WIND_1,10,452.870399
303_WIND_1,11,490.891157
303_WIND_1,12,484.386582
303_WIND_1,13,496.364293
303_WIND_1,14,510.540302
303_WIND_1,15,514.732255
303_WIND_1,16,428.237956
303_WIND_1,17,8.133257
303_WIND_1,18,541.334278
303_WIND_1,19,82.427773
303_WIND_1,20,226.872917
303_WIND_1,21,0.000000
303_WIND_1,22,514.899035
303_WIND_1,23,-0.000000
303_WIND_1,24,0.000000
